T0_s3001 3001 13001 0
T2_s3001 3001 13001 2
T5_s3001 3001 13001 5
T10_s3001 3001 13001 10
T15_s3001 3001 13001 15
T20_s3001 3001 13001 20
T40_s3001 3001 13001 40
T80_s3001 3001 13001 80
T0_s3002 3002 13002 0
T2_s3002 3002 13002 2
T5_s3002 3002 13002 5
T10_s3002 3002 13002 10
T15_s3002 3002 13002 15
T20_s3002 3002 13002 20
T40_s3002 3002 13002 40
T80_s3002 3002 13002 80
T0_s3003 3003 13003 0
T2_s3003 3003 13003 2
T5_s3003 3003 13003 5
T10_s3003 3003 13003 10
T15_s3003 3003 13003 15
T20_s3003 3003 13003 20
T40_s3003 3003 13003 40
T80_s3003 3003 13003 80
T0_s3004 3004 13004 0
T2_s3004 3004 13004 2
T5_s3004 3004 13004 5
T10_s3004 3004 13004 10
T15_s3004 3004 13004 15
T20_s3004 3004 13004 20
T40_s3004 3004 13004 40
T80_s3004 3004 13004 80
T0_s3005 3005 13005 0
T2_s3005 3005 13005 2
T5_s3005 3005 13005 5
T10_s3005 3005 13005 10
T15_s3005 3005 13005 15
T20_s3005 3005 13005 20
T40_s3005 3005 13005 40
T80_s3005 3005 13005 80
T0_s3006 3006 13006 0
T2_s3006 3006 13006 2
T5_s3006 3006 13006 5
T10_s3006 3006 13006 10
T15_s3006 3006 13006 15
T20_s3006 3006 13006 20
T40_s3006 3006 13006 40
T80_s3006 3006 13006 80
T0_s3007 3007 13007 0
T2_s3007 3007 13007 2
T5_s3007 3007 13007 5
T10_s3007 3007 13007 10
T15_s3007 3007 13007 15
T20_s3007 3007 13007 20
T40_s3007 3007 13007 40
T80_s3007 3007 13007 80
T0_s3008 3008 13008 0
T2_s3008 3008 13008 2
T5_s3008 3008 13008 5
T10_s3008 3008 13008 10
T15_s3008 3008 13008 15
T20_s3008 3008 13008 20
T40_s3008 3008 13008 40
T80_s3008 3008 13008 80
T0_s3009 3009 13009 0
T2_s3009 3009 13009 2
T5_s3009 3009 13009 5
T10_s3009 3009 13009 10
T15_s3009 3009 13009 15
T20_s3009 3009 13009 20
T40_s3009 3009 13009 40
T80_s3009 3009 13009 80
T0_s3010 3010 13010 0
T2_s3010 3010 13010 2
T5_s3010 3010 13010 5
T10_s3010 3010 13010 10
T15_s3010 3010 13010 15
T20_s3010 3010 13010 20
T40_s3010 3010 13010 40
T80_s3010 3010 13010 80
