diag_T120_s3001 3001 13001 120 1000
diag_T120_s3002 3002 13002 120 1000
diag_T120_s3003 3003 13003 120 1000
diag_T120_s3004 3004 13004 120 1000
diag_T120_s3005 3005 13005 120 1000
diag_T160_s3001 3001 13001 160 1000
diag_T160_s3002 3002 13002 160 1000
diag_T160_s3003 3003 13003 160 1000
diag_T160_s3004 3004 13004 160 1000
diag_T160_s3005 3005 13005 160 1000
diag_T240_s3001 3001 13001 240 1000
diag_T240_s3002 3002 13002 240 1000
diag_T240_s3003 3003 13003 240 1000
diag_T240_s3004 3004 13004 240 1000
diag_T240_s3005 3005 13005 240 1000
