incl_n1000_T10_V40-40_s2001 incl 1000 2001 12001 10 40 40 20000
incl_n1000_T10_V40-40_s2002 incl 1000 2002 12002 10 40 40 20000
incl_n1000_T10_V40-40_s2003 incl 1000 2003 12003 10 40 40 20000
incl_n1000_T10_V40-40_s2004 incl 1000 2004 12004 10 40 40 20000
incl_n1000_T10_V40-40_s2005 incl 1000 2005 12005 10 40 40 20000
incl_n1000_T10_V40-40_s2006 incl 1000 2006 12006 10 40 40 20000
incl_n1000_T10_V40-40_s2007 incl 1000 2007 12007 10 40 40 20000
incl_n1000_T10_V40-40_s2008 incl 1000 2008 12008 10 40 40 20000
incl_n1000_T10_V40-40_s2009 incl 1000 2009 12009 10 40 40 20000
incl_n1000_T10_V40-40_s2010 incl 1000 2010 12010 10 40 40 20000
incl_n1000_T10_V40-40_s2011 incl 1000 2011 12011 10 40 40 20000
incl_n1000_T10_V40-40_s2012 incl 1000 2012 12012 10 40 40 20000
incl_n1000_T10_V40-40_s2013 incl 1000 2013 12013 10 40 40 20000
incl_n1000_T10_V40-40_s2014 incl 1000 2014 12014 10 40 40 20000
incl_n1000_T10_V40-40_s2015 incl 1000 2015 12015 10 40 40 20000
incl_n1000_T10_V40-40_s2016 incl 1000 2016 12016 10 40 40 20000
incl_n1000_T10_V40-40_s2017 incl 1000 2017 12017 10 40 40 20000
incl_n1000_T10_V40-40_s2018 incl 1000 2018 12018 10 40 40 20000
incl_n1000_T10_V40-40_s2019 incl 1000 2019 12019 10 40 40 20000
incl_n1000_T10_V40-40_s2020 incl 1000 2020 12020 10 40 40 20000
incl_n1000_T10_V40-40_s2021 incl 1000 2021 12021 10 40 40 20000
incl_n1000_T10_V40-40_s2022 incl 1000 2022 12022 10 40 40 20000
incl_n1000_T10_V40-40_s2023 incl 1000 2023 12023 10 40 40 20000
incl_n1000_T10_V40-40_s2024 incl 1000 2024 12024 10 40 40 20000
incl_n1000_T10_V40-40_s2025 incl 1000 2025 12025 10 40 40 20000
incl_n1000_T10_V40-40_s2026 incl 1000 2026 12026 10 40 40 20000
incl_n1000_T10_V40-40_s2027 incl 1000 2027 12027 10 40 40 20000
incl_n1000_T10_V40-40_s2028 incl 1000 2028 12028 10 40 40 20000
incl_n1000_T10_V40-40_s2029 incl 1000 2029 12029 10 40 40 20000
incl_n1000_T10_V40-40_s2030 incl 1000 2030 12030 10 40 40 20000
