dist_n1000_T10_V40-40_s2001 dist 1000 2001 12001 10 40 40 20000
dist_n1000_T10_V40-40_s2002 dist 1000 2002 12002 10 40 40 20000
dist_n1000_T10_V40-40_s2003 dist 1000 2003 12003 10 40 40 20000
dist_n1000_T10_V40-40_s2004 dist 1000 2004 12004 10 40 40 20000
dist_n1000_T10_V40-40_s2005 dist 1000 2005 12005 10 40 40 20000
dist_n1000_T10_V40-40_s2006 dist 1000 2006 12006 10 40 40 20000
dist_n1000_T10_V40-40_s2007 dist 1000 2007 12007 10 40 40 20000
dist_n1000_T10_V40-40_s2008 dist 1000 2008 12008 10 40 40 20000
dist_n1000_T10_V40-40_s2009 dist 1000 2009 12009 10 40 40 20000
dist_n1000_T10_V40-40_s2010 dist 1000 2010 12010 10 40 40 20000
dist_n1000_T10_V40-40_s2011 dist 1000 2011 12011 10 40 40 20000
dist_n1000_T10_V40-40_s2012 dist 1000 2012 12012 10 40 40 20000
dist_n1000_T10_V40-40_s2013 dist 1000 2013 12013 10 40 40 20000
dist_n1000_T10_V40-40_s2014 dist 1000 2014 12014 10 40 40 20000
dist_n1000_T10_V40-40_s2015 dist 1000 2015 12015 10 40 40 20000
dist_n1000_T10_V40-40_s2016 dist 1000 2016 12016 10 40 40 20000
dist_n1000_T10_V40-40_s2017 dist 1000 2017 12017 10 40 40 20000
dist_n1000_T10_V40-40_s2018 dist 1000 2018 12018 10 40 40 20000
dist_n1000_T10_V40-40_s2019 dist 1000 2019 12019 10 40 40 20000
dist_n1000_T10_V40-40_s2020 dist 1000 2020 12020 10 40 40 20000
dist_n1000_T10_V40-40_s2021 dist 1000 2021 12021 10 40 40 20000
dist_n1000_T10_V40-40_s2022 dist 1000 2022 12022 10 40 40 20000
dist_n1000_T10_V40-40_s2023 dist 1000 2023 12023 10 40 40 20000
dist_n1000_T10_V40-40_s2024 dist 1000 2024 12024 10 40 40 20000
dist_n1000_T10_V40-40_s2025 dist 1000 2025 12025 10 40 40 20000
dist_n1000_T10_V40-40_s2026 dist 1000 2026 12026 10 40 40 20000
dist_n1000_T10_V40-40_s2027 dist 1000 2027 12027 10 40 40 20000
dist_n1000_T10_V40-40_s2028 dist 1000 2028 12028 10 40 40 20000
dist_n1000_T10_V40-40_s2029 dist 1000 2029 12029 10 40 40 20000
dist_n1000_T10_V40-40_s2030 dist 1000 2030 12030 10 40 40 20000
Tscan_n1000_T5_V40-40_s2001 Tscan 1000 2001 12001 5 40 40 20000
Tscan_n1000_T5_V40-40_s2002 Tscan 1000 2002 12002 5 40 40 20000
Tscan_n1000_T5_V40-40_s2003 Tscan 1000 2003 12003 5 40 40 20000
Tscan_n1000_T5_V40-40_s2004 Tscan 1000 2004 12004 5 40 40 20000
Tscan_n1000_T5_V40-40_s2005 Tscan 1000 2005 12005 5 40 40 20000
Tscan_n1000_T5_V40-40_s2006 Tscan 1000 2006 12006 5 40 40 20000
Tscan_n1000_T5_V40-40_s2007 Tscan 1000 2007 12007 5 40 40 20000
Tscan_n1000_T5_V40-40_s2008 Tscan 1000 2008 12008 5 40 40 20000
Tscan_n1000_T5_V40-40_s2009 Tscan 1000 2009 12009 5 40 40 20000
Tscan_n1000_T5_V40-40_s2010 Tscan 1000 2010 12010 5 40 40 20000
Tscan_n1000_T5_V40-40_s2011 Tscan 1000 2011 12011 5 40 40 20000
Tscan_n1000_T5_V40-40_s2012 Tscan 1000 2012 12012 5 40 40 20000
Tscan_n1000_T5_V40-40_s2013 Tscan 1000 2013 12013 5 40 40 20000
Tscan_n1000_T5_V40-40_s2014 Tscan 1000 2014 12014 5 40 40 20000
Tscan_n1000_T5_V40-40_s2015 Tscan 1000 2015 12015 5 40 40 20000
Tscan_n1000_T5_V40-40_s2016 Tscan 1000 2016 12016 5 40 40 20000
Tscan_n1000_T7_V40-40_s2001 Tscan 1000 2001 12001 7 40 40 20000
Tscan_n1000_T7_V40-40_s2002 Tscan 1000 2002 12002 7 40 40 20000
Tscan_n1000_T7_V40-40_s2003 Tscan 1000 2003 12003 7 40 40 20000
Tscan_n1000_T7_V40-40_s2004 Tscan 1000 2004 12004 7 40 40 20000
Tscan_n1000_T7_V40-40_s2005 Tscan 1000 2005 12005 7 40 40 20000
Tscan_n1000_T7_V40-40_s2006 Tscan 1000 2006 12006 7 40 40 20000
Tscan_n1000_T7_V40-40_s2007 Tscan 1000 2007 12007 7 40 40 20000
Tscan_n1000_T7_V40-40_s2008 Tscan 1000 2008 12008 7 40 40 20000
Tscan_n1000_T7_V40-40_s2009 Tscan 1000 2009 12009 7 40 40 20000
Tscan_n1000_T7_V40-40_s2010 Tscan 1000 2010 12010 7 40 40 20000
Tscan_n1000_T7_V40-40_s2011 Tscan 1000 2011 12011 7 40 40 20000
Tscan_n1000_T7_V40-40_s2012 Tscan 1000 2012 12012 7 40 40 20000
Tscan_n1000_T7_V40-40_s2013 Tscan 1000 2013 12013 7 40 40 20000
Tscan_n1000_T7_V40-40_s2014 Tscan 1000 2014 12014 7 40 40 20000
Tscan_n1000_T7_V40-40_s2015 Tscan 1000 2015 12015 7 40 40 20000
Tscan_n1000_T7_V40-40_s2016 Tscan 1000 2016 12016 7 40 40 20000
Tscan_n1000_T14_V40-40_s2001 Tscan 1000 2001 12001 14 40 40 20000
Tscan_n1000_T14_V40-40_s2002 Tscan 1000 2002 12002 14 40 40 20000
Tscan_n1000_T14_V40-40_s2003 Tscan 1000 2003 12003 14 40 40 20000
Tscan_n1000_T14_V40-40_s2004 Tscan 1000 2004 12004 14 40 40 20000
Tscan_n1000_T14_V40-40_s2005 Tscan 1000 2005 12005 14 40 40 20000
Tscan_n1000_T14_V40-40_s2006 Tscan 1000 2006 12006 14 40 40 20000
Tscan_n1000_T14_V40-40_s2007 Tscan 1000 2007 12007 14 40 40 20000
Tscan_n1000_T14_V40-40_s2008 Tscan 1000 2008 12008 14 40 40 20000
Tscan_n1000_T14_V40-40_s2009 Tscan 1000 2009 12009 14 40 40 20000
Tscan_n1000_T14_V40-40_s2010 Tscan 1000 2010 12010 14 40 40 20000
Tscan_n1000_T14_V40-40_s2011 Tscan 1000 2011 12011 14 40 40 20000
Tscan_n1000_T14_V40-40_s2012 Tscan 1000 2012 12012 14 40 40 20000
Tscan_n1000_T14_V40-40_s2013 Tscan 1000 2013 12013 14 40 40 20000
Tscan_n1000_T14_V40-40_s2014 Tscan 1000 2014 12014 14 40 40 20000
Tscan_n1000_T14_V40-40_s2015 Tscan 1000 2015 12015 14 40 40 20000
Tscan_n1000_T14_V40-40_s2016 Tscan 1000 2016 12016 14 40 40 20000
Tscan_n1000_T20_V40-40_s2001 Tscan 1000 2001 12001 20 40 40 20000
Tscan_n1000_T20_V40-40_s2002 Tscan 1000 2002 12002 20 40 40 20000
Tscan_n1000_T20_V40-40_s2003 Tscan 1000 2003 12003 20 40 40 20000
Tscan_n1000_T20_V40-40_s2004 Tscan 1000 2004 12004 20 40 40 20000
Tscan_n1000_T20_V40-40_s2005 Tscan 1000 2005 12005 20 40 40 20000
Tscan_n1000_T20_V40-40_s2006 Tscan 1000 2006 12006 20 40 40 20000
Tscan_n1000_T20_V40-40_s2007 Tscan 1000 2007 12007 20 40 40 20000
Tscan_n1000_T20_V40-40_s2008 Tscan 1000 2008 12008 20 40 40 20000
Tscan_n1000_T20_V40-40_s2009 Tscan 1000 2009 12009 20 40 40 20000
Tscan_n1000_T20_V40-40_s2010 Tscan 1000 2010 12010 20 40 40 20000
Tscan_n1000_T20_V40-40_s2011 Tscan 1000 2011 12011 20 40 40 20000
Tscan_n1000_T20_V40-40_s2012 Tscan 1000 2012 12012 20 40 40 20000
Tscan_n1000_T20_V40-40_s2013 Tscan 1000 2013 12013 20 40 40 20000
Tscan_n1000_T20_V40-40_s2014 Tscan 1000 2014 12014 20 40 40 20000
Tscan_n1000_T20_V40-40_s2015 Tscan 1000 2015 12015 20 40 40 20000
Tscan_n1000_T20_V40-40_s2016 Tscan 1000 2016 12016 20 40 40 20000
equalsize_n1000_T10_V38.73-41.27_s2001 equalsize 1000 2001 12001 10 38.73 41.27 20000
equalsize_n1000_T10_V38.73-41.27_s2002 equalsize 1000 2002 12002 10 38.73 41.27 20000
equalsize_n1000_T10_V38.73-41.27_s2003 equalsize 1000 2003 12003 10 38.73 41.27 20000
equalsize_n1000_T10_V38.73-41.27_s2004 equalsize 1000 2004 12004 10 38.73 41.27 20000
equalsize_n1000_T10_V38.73-41.27_s2005 equalsize 1000 2005 12005 10 38.73 41.27 20000
equalsize_n1000_T10_V38.73-41.27_s2006 equalsize 1000 2006 12006 10 38.73 41.27 20000
equalsize_n1000_T10_V38.73-41.27_s2007 equalsize 1000 2007 12007 10 38.73 41.27 20000
equalsize_n1000_T10_V38.73-41.27_s2008 equalsize 1000 2008 12008 10 38.73 41.27 20000
equalsize_n1000_T10_V38.73-41.27_s2009 equalsize 1000 2009 12009 10 38.73 41.27 20000
equalsize_n1000_T10_V38.73-41.27_s2010 equalsize 1000 2010 12010 10 38.73 41.27 20000
equalsize_n1000_T10_V38.73-41.27_s2011 equalsize 1000 2011 12011 10 38.73 41.27 20000
equalsize_n1000_T10_V38.73-41.27_s2012 equalsize 1000 2012 12012 10 38.73 41.27 20000
equalsize_n1000_T10_V38.73-41.27_s2013 equalsize 1000 2013 12013 10 38.73 41.27 20000
equalsize_n1000_T10_V38.73-41.27_s2014 equalsize 1000 2014 12014 10 38.73 41.27 20000
equalsize_n1000_T10_V38.73-41.27_s2015 equalsize 1000 2015 12015 10 38.73 41.27 20000
equalsize_n1000_T10_V38.73-41.27_s2016 equalsize 1000 2016 12016 10 38.73 41.27 20000
aggsize_n500_T10_V40-40_s2001 aggsize 500 2001 12001 10 40 40 20000
aggsize_n500_T10_V40-40_s2002 aggsize 500 2002 12002 10 40 40 20000
aggsize_n500_T10_V40-40_s2003 aggsize 500 2003 12003 10 40 40 20000
aggsize_n500_T10_V40-40_s2004 aggsize 500 2004 12004 10 40 40 20000
aggsize_n500_T10_V40-40_s2005 aggsize 500 2005 12005 10 40 40 20000
aggsize_n500_T10_V40-40_s2006 aggsize 500 2006 12006 10 40 40 20000
aggsize_n500_T10_V40-40_s2007 aggsize 500 2007 12007 10 40 40 20000
aggsize_n500_T10_V40-40_s2008 aggsize 500 2008 12008 10 40 40 20000
aggsize_n500_T10_V40-40_s2009 aggsize 500 2009 12009 10 40 40 20000
aggsize_n500_T10_V40-40_s2010 aggsize 500 2010 12010 10 40 40 20000
aggsize_n500_T10_V40-40_s2011 aggsize 500 2011 12011 10 40 40 20000
aggsize_n500_T10_V40-40_s2012 aggsize 500 2012 12012 10 40 40 20000
aggsize_n500_T10_V40-40_s2013 aggsize 500 2013 12013 10 40 40 20000
aggsize_n500_T10_V40-40_s2014 aggsize 500 2014 12014 10 40 40 20000
aggsize_n500_T10_V40-40_s2015 aggsize 500 2015 12015 10 40 40 20000
aggsize_n500_T10_V40-40_s2016 aggsize 500 2016 12016 10 40 40 20000
aggsize_n1500_T10_V40-40_s2001 aggsize 1500 2001 12001 10 40 40 20000
aggsize_n1500_T10_V40-40_s2002 aggsize 1500 2002 12002 10 40 40 20000
aggsize_n1500_T10_V40-40_s2003 aggsize 1500 2003 12003 10 40 40 20000
aggsize_n1500_T10_V40-40_s2004 aggsize 1500 2004 12004 10 40 40 20000
aggsize_n1500_T10_V40-40_s2005 aggsize 1500 2005 12005 10 40 40 20000
aggsize_n1500_T10_V40-40_s2006 aggsize 1500 2006 12006 10 40 40 20000
aggsize_n1500_T10_V40-40_s2007 aggsize 1500 2007 12007 10 40 40 20000
aggsize_n1500_T10_V40-40_s2008 aggsize 1500 2008 12008 10 40 40 20000
aggsize_n1500_T10_V40-40_s2009 aggsize 1500 2009 12009 10 40 40 20000
aggsize_n1500_T10_V40-40_s2010 aggsize 1500 2010 12010 10 40 40 20000
aggsize_n1500_T10_V40-40_s2011 aggsize 1500 2011 12011 10 40 40 20000
aggsize_n1500_T10_V40-40_s2012 aggsize 1500 2012 12012 10 40 40 20000
aggsize_n1500_T10_V40-40_s2013 aggsize 1500 2013 12013 10 40 40 20000
aggsize_n1500_T10_V40-40_s2014 aggsize 1500 2014 12014 10 40 40 20000
aggsize_n1500_T10_V40-40_s2015 aggsize 1500 2015 12015 10 40 40 20000
aggsize_n1500_T10_V40-40_s2016 aggsize 1500 2016 12016 10 40 40 20000
fresh_n1000_T10_V40-40_s5001 fresh 1000 5001 15001 10 40 40 20000
fresh_n1000_T10_V40-40_s5002 fresh 1000 5002 15002 10 40 40 20000
fresh_n1000_T10_V40-40_s5003 fresh 1000 5003 15003 10 40 40 20000
fresh_n1000_T10_V40-40_s5004 fresh 1000 5004 15004 10 40 40 20000
fresh_n1000_T10_V40-40_s5005 fresh 1000 5005 15005 10 40 40 20000
fresh_n1000_T10_V40-40_s5006 fresh 1000 5006 15006 10 40 40 20000
fresh_n1000_T10_V40-40_s5007 fresh 1000 5007 15007 10 40 40 20000
fresh_n1000_T10_V40-40_s5008 fresh 1000 5008 15008 10 40 40 20000
fresh_n1000_T10_V40-40_s5009 fresh 1000 5009 15009 10 40 40 20000
fresh_n1000_T10_V40-40_s5010 fresh 1000 5010 15010 10 40 40 20000
fresh_n1000_T10_V40-40_s5011 fresh 1000 5011 15011 10 40 40 20000
fresh_n1000_T10_V40-40_s5012 fresh 1000 5012 15012 10 40 40 20000
fresh_n1000_T10_V40-40_s5013 fresh 1000 5013 15013 10 40 40 20000
fresh_n1000_T10_V40-40_s5014 fresh 1000 5014 15014 10 40 40 20000
fresh_n1000_T10_V40-40_s5015 fresh 1000 5015 15015 10 40 40 20000
fresh_n1000_T10_V40-40_s5016 fresh 1000 5016 15016 10 40 40 20000
fresh_n1000_T10_V40-40_s5017 fresh 1000 5017 15017 10 40 40 20000
fresh_n1000_T10_V40-40_s5018 fresh 1000 5018 15018 10 40 40 20000
fresh_n1000_T10_V40-40_s5019 fresh 1000 5019 15019 10 40 40 20000
fresh_n1000_T10_V40-40_s5020 fresh 1000 5020 15020 10 40 40 20000
